0.000000000000000000e+00 0.000000000000000000e+00 0.000000000000000000e+00
6.764052697801694464e-03 3.556234859404987843e-03 2.366597711085351857e-03
1.352810539560338893e-02 7.112469718809975687e-03 4.733195422170703714e-03
2.029215809340508339e-02 1.066870457821496483e-02 7.099793133256056439e-03
2.705621079120677785e-02 1.422493943761995137e-02 9.466390844341407429e-03
3.382026348900846885e-02 1.778117429702493965e-02 1.183298855542675929e-02
4.058431618681016678e-02 2.133740915642992966e-02 1.419958626651211288e-02
4.734836888461185778e-02 2.489364401583491621e-02 1.656618397759746647e-02
5.411242158241355571e-02 2.844987887523990275e-02 1.893278168868281486e-02
6.087647428021524670e-02 3.200611373464488929e-02 2.129937939976816672e-02
0.000000000000000000e+00 0.000000000000000000e+00 0.000000000000000000e+00
-1.565808000000000130e-03 -4.683584000000000185e-03 6.293823999999999946e-03
-3.131616000000000261e-03 -9.367168000000000369e-03 1.258764799999999989e-02
-4.697423999999999523e-03 -1.405075199999999969e-02 1.888147199999999984e-02
-6.263232000000000521e-03 -1.873433600000000074e-02 2.517529599999999979e-02
-7.829040000000000651e-03 -2.341791999999999832e-02 3.146912000000000320e-02
-9.394847999999999047e-03 -2.810150399999999937e-02 3.776294399999999968e-02
-1.096065600000000091e-02 -3.278508800000000389e-02 4.405676799999999615e-02
-1.252646400000000104e-02 -3.746867200000000148e-02 5.035059199999999957e-02
-1.409227200000000117e-02 -4.215225599999999212e-02 5.664441600000000299e-02
1.752319999999991246e-04 -1.921205999999999955e-02 2.989948800000000184e-02
6.613695999999998770e-03 -1.968978400000000184e-02 3.462368000000000390e-02
1.305216000000000015e-02 -2.016750800000000066e-02 3.934787199999999902e-02
1.949062399999999806e-02 -2.064523199999999947e-02 4.407206400000000107e-02
2.592908799999999597e-02 -2.112295600000000176e-02 4.879625600000000313e-02
1.965670400000000054e-02 -1.851322799999999963e-02 3.514746399999999632e-02
2.626124800000000092e-02 -1.685894800000000207e-02 3.094705600000000056e-02
3.286579199999999784e-02 -1.520466800000000104e-02 2.674664799999999787e-02
-1.036213965260188424e-03 -4.977297554380488449e-04 -5.325808468529031779e-04
5.731730423567308816e-03 2.732381329493623230e-03 2.253332132538226739e-03
1.249967481239480475e-02 5.962492414425295088e-03 5.039245111929356764e-03
1.926761920122230243e-02 9.192603499356966079e-03 7.825158091320488091e-03
2.603556359004979837e-02 1.242271458428863794e-02 1.061107107071161681e-02
3.280350797887729430e-02 1.565282566922031326e-02 1.339698405010274727e-02
3.957145236770479718e-02 1.888293675415198339e-02 1.618289702949388120e-02
4.633939675653229312e-02 2.211304783908365698e-02 1.896881000888500993e-02
5.310734114535978906e-02 2.534315892401532710e-02 2.175472298827613865e-02
5.987528553418728500e-02 2.857327000894700070e-02 2.454063596766727084e-02
-6.575213924816022265e-04 -1.079249457233281842e-03 -2.942776786241509644e-03
-2.293057350946973993e-03 -6.243124263344760998e-03 2.944442713341453854e-03
-3.928593309412345760e-03 -1.140699906945624037e-02 8.831662212924418220e-03
-5.564129267877717527e-03 -1.657087387556772234e-02 1.471888171250738259e-02
-7.199665226343089294e-03 -2.173474868167920085e-02 2.060610121209034348e-02
-8.835201184808461061e-03 -2.689862348779068282e-02 2.649332071167330438e-02
-1.047073714327383283e-02 -3.206249829390216133e-02 3.238054021125627568e-02
-1.210627310173920460e-02 -3.722637310001364330e-02 3.826775971083923311e-02
-1.374180906020457636e-02 -4.239024790612511834e-02 4.415497921042219748e-02
-1.537734501866994813e-02 -4.755412271223660031e-02 5.004219871000516184e-02
-8.822974774156042144e-04 -2.243621120631667312e-02 2.546396535219102447e-02
5.435070271511880866e-03 -2.313767373095414887e-02 3.032182949229170199e-02
1.175243802043936768e-02 -2.383913625559162114e-02 3.517969363239237951e-02
1.806980576936684929e-02 -2.454059878022909341e-02 4.003755777249305703e-02
2.438717351829433611e-02 -2.524206130486656569e-02 4.489542191259374149e-02
1.843138716291588958e-02 -2.175373226560665951e-02 3.130118880661648256e-02
2.511033630539241668e-02 -1.966832827562169789e-02 2.742268398084058562e-02
3.178928544786893684e-02 -1.758292428563673626e-02 2.354417915506468867e-02
